1026330.0 -3181590.0
1026330.0 -3281590.0
1026330.0 -3381590.0
1026330.0 -3481590.0
1026330.0 -3581590.0
1026330.0 -3681590.0
1026330.0 -3781590.0
1026330.0 -3881590.0
1026330.0 -3981590.0
1126330.0 -3181590.0
1126330.0 -3281590.0
1126330.0 -3381590.0
1126330.0 -3481590.0
1126330.0 -3581590.0
1126330.0 -3681590.0
1126330.0 -3781590.0
1126330.0 -3881590.0
1126330.0 -3981590.0
1226330.0 -3181590.0
1226330.0 -3281590.0
1226330.0 -3381590.0
1226330.0 -3481590.0
1226330.0 -3581590.0
1226330.0 -3681590.0
1226330.0 -3781590.0
1226330.0 -3881590.0
1226330.0 -3981590.0
1326330.0 -3181590.0
1326330.0 -3281590.0
1326330.0 -3381590.0
1326330.0 -3481590.0
1326330.0 -3581590.0
1326330.0 -3681590.0
1326330.0 -3781590.0
1326330.0 -3881590.0
1326330.0 -3981590.0
1426330.0 -3181590.0
1426330.0 -3281590.0
1426330.0 -3381590.0
1426330.0 -3481590.0
1426330.0 -3581590.0
1426330.0 -3681590.0
1426330.0 -3781590.0
1426330.0 -3881590.0
1426330.0 -3981590.0
1426330.0 -4081590.0
1526330.0 -3181590.0
1526330.0 -3281590.0
1526330.0 -3381590.0
1526330.0 -3481590.0
1526330.0 -3581590.0
1526330.0 -3681590.0
1526330.0 -3781590.0
1526330.0 -3881590.0
1526330.0 -3981590.0
1526330.0 -4081590.0
1526330.0 -4181590.0
1626330.0 -3181590.0
1626330.0 -3281590.0
1626330.0 -3381590.0
1626330.0 -3481590.0
1626330.0 -3581590.0
1626330.0 -3681590.0
1626330.0 -3781590.0
1626330.0 -3881590.0
1626330.0 -3981590.0
1726330.0 -3181590.0
1726330.0 -3281590.0
1726330.0 -3381590.0
1726330.0 -3481590.0
1726330.0 -3581590.0
1726330.0 -3681590.0
1726330.0 -3781590.0
1826330.0 -3181590.0
1826330.0 -3281590.0
1826330.0 -3381590.0
1826330.0 -3481590.0
1826330.0 -3581590.0
1826330.0 -3681590.0
1926330.0 -3181590.0
1926330.0 -3281590.0
1926330.0 -3381590.0
1926330.0 -3481590.0
1926330.0 -3581590.0
2026330.0 -3181590.0
2026330.0 -3281590.0
2026330.0 -3381590.0
826330.0 -3181590.0
826330.0 -3281590.0
826330.0 -3381590.0
826330.0 -3481590.0
826330.0 -3581590.0
826330.0 -3681590.0
926330.0 -3181590.0
926330.0 -3281590.0
926330.0 -3381590.0
926330.0 -3481590.0
926330.0 -3581590.0
926330.0 -3681590.0
926330.0 -3781590.0
